HU_HU5 ( HU HU5 ) 0.00 0.00 0.00 0.00 ( 1000000000.00 136.42 10000000000.00 1044.17 )
HU_HU6 ( HU HU6 ) 0.00 0.00 0.00 0.00 ( 1000000000.00 136.42 10000000000.00 1044.17 )
HU_HU3 ( HU HU3 ) 0.00 0.00 0.00 0.00 ( 1000000000.00 136.42 10000000000.00 1044.17 )
HU_HU4 ( HU HU4 ) 0.00 0.00 0.00 0.00 ( 1000000000.00 136.42 10000000000.00 1044.17 )
HU_HU1 ( HU HU1 ) 0.00 0.00 0.00 0.00 ( 1000000000.00 136.42 10000000000.00 1044.17 )
HU_HU2 ( HU HU2 ) 0.00 0.00 0.00 0.00 ( 1000000000.00 136.42 10000000000.00 1044.17 )
CVK2_CVK ( CVK2 CVK ) 0.00 0.00 0.00 0.00 ( 1000000000.00 136.42 10000000000.00 1044.17 )
ZIB66_ZIB ( ZIB66 ZIB ) 0.00 0.00 0.00 0.00 ( 1000000000.00 136.42 10000000000.00 1044.17 )
HU_HU9 ( HU HU9 ) 0.00 0.00 0.00 0.00 ( 1000000000.00 136.42 10000000000.00 1044.17 )
HU_HU7 ( HU HU7 ) 0.00 0.00 0.00 0.00 ( 1000000000.00 136.42 10000000000.00 1044.17 )
HU_HTW ( HU HTW ) 0.00 0.00 0.00 0.00 ( 1000000000.00 136.42 10000000000.00 1044.17 )
HU_HU8 ( HU HU8 ) 0.00 0.00 0.00 0.00 ( 1000000000.00 136.42 10000000000.00 1044.17 )
SPK_SPK21 ( SPK SPK21 ) 0.00 0.00 0.00 0.00 ( 1000000000.00 136.42 10000000000.00 1044.17 )
ZIB87_ZIB ( ZIB87 ZIB ) 0.00 0.00 0.00 0.00 ( 1000000000.00 136.42 10000000000.00 1044.17 )
SPK_SPK22 ( SPK SPK22 ) 0.00 0.00 0.00 0.00 ( 1000000000.00 136.42 10000000000.00 1044.17 )
CVK_HU ( CVK HU ) 0.00 0.00 0.00 0.00 ( 1000000000.00 136.42 10000000000.00 1044.17 )
SPK_SPK23 ( SPK SPK23 ) 0.00 0.00 0.00 0.00 ( 1000000000.00 136.42 10000000000.00 1044.17 )
SPK_SPK24 ( SPK SPK24 ) 0.00 0.00 0.00 0.00 ( 1000000000.00 136.42 10000000000.00 1044.17 )
WIAS10_WIAS ( WIAS10 WIAS ) 0.00 0.00 0.00 0.00 ( 1000000000.00 136.42 10000000000.00 1044.17 )
TU_HU ( TU HU ) 0.00 0.00 0.00 0.00 ( 1000000000.00 136.42 10000000000.00 1044.17 )
SPK_SPK20 ( SPK SPK20 ) 0.00 0.00 0.00 0.00 ( 1000000000.00 136.42 10000000000.00 1044.17 )
ZIB_ZIB143 ( ZIB ZIB143 ) 0.00 0.00 0.00 0.00 ( 1000000000.00 136.42 10000000000.00 1044.17 )
ZIB_ZIB144 ( ZIB ZIB144 ) 0.00 0.00 0.00 0.00 ( 1000000000.00 136.42 10000000000.00 1044.17 )
ADH11_ADH ( ADH11 ADH ) 0.00 0.00 0.00 0.00 ( 1000000000.00 136.42 10000000000.00 1044.17 )
SPK23_SPK ( SPK23 SPK ) 0.00 0.00 0.00 0.00 ( 1000000000.00 136.42 10000000000.00 1044.17 )
CVK21_CVK ( CVK21 CVK ) 0.00 0.00 0.00 0.00 ( 1000000000.00 136.42 10000000000.00 1044.17 )
WIAS2_WIAS ( WIAS2 WIAS ) 0.00 0.00 0.00 0.00 ( 1000000000.00 136.42 10000000000.00 1044.17 )
ADH21_ADH ( ADH21 ADH ) 0.00 0.00 0.00 0.00 ( 1000000000.00 136.42 10000000000.00 1044.17 )
HTW5_HTW ( HTW5 HTW ) 0.00 0.00 0.00 0.00 ( 1000000000.00 136.42 10000000000.00 1044.17 )
ADH6_ADH ( ADH6 ADH ) 0.00 0.00 0.00 0.00 ( 1000000000.00 136.42 10000000000.00 1044.17 )
TU5_TU ( TU5 TU ) 0.00 0.00 0.00 0.00 ( 1000000000.00 136.42 10000000000.00 1044.17 )
SPK9_SPK ( SPK9 SPK ) 0.00 0.00 0.00 0.00 ( 1000000000.00 136.42 10000000000.00 1044.17 )
SPK5_SPK ( SPK5 SPK ) 0.00 0.00 0.00 0.00 ( 1000000000.00 136.42 10000000000.00 1044.17 )
SPK1_SPK ( SPK1 SPK ) 0.00 0.00 0.00 0.00 ( 1000000000.00 136.42 10000000000.00 1044.17 )
CVK23_CVK ( CVK23 CVK ) 0.00 0.00 0.00 0.00 ( 1000000000.00 136.42 10000000000.00 1044.17 )
SPK22_SPK ( SPK22 SPK ) 0.00 0.00 0.00 0.00 ( 1000000000.00 136.42 10000000000.00 1044.17 )
ZIB63_ZIB ( ZIB63 ZIB ) 0.00 0.00 0.00 0.00 ( 1000000000.00 136.42 10000000000.00 1044.17 )
TU_CVK ( TU CVK ) 0.00 0.00 0.00 0.00 ( 1000000000.00 136.42 10000000000.00 1044.17 )
ADH10_ADH ( ADH10 ADH ) 0.00 0.00 0.00 0.00 ( 1000000000.00 136.42 10000000000.00 1044.17 )
HU_CVK ( HU CVK ) 0.00 0.00 0.00 0.00 ( 1000000000.00 136.42 10000000000.00 1044.17 )
TU24_TU ( TU24 TU ) 0.00 0.00 0.00 0.00 ( 1000000000.00 136.42 10000000000.00 1044.17 )
TU4_TU ( TU4 TU ) 0.00 0.00 0.00 0.00 ( 1000000000.00 136.42 10000000000.00 1044.17 )
ZIB97_ZIB ( ZIB97 ZIB ) 0.00 0.00 0.00 0.00 ( 1000000000.00 136.42 10000000000.00 1044.17 )
UP20_UP ( UP20 UP ) 0.00 0.00 0.00 0.00 ( 1000000000.00 136.42 10000000000.00 1044.17 )
ZIB70_ZIB ( ZIB70 ZIB ) 0.00 0.00 0.00 0.00 ( 1000000000.00 136.42 10000000000.00 1044.17 )
TU_ZIB ( TU ZIB ) 0.00 0.00 0.00 0.00 ( 1000000000.00 136.42 10000000000.00 1044.17 )
UP10_UP ( UP10 UP ) 0.00 0.00 0.00 0.00 ( 1000000000.00 136.42 10000000000.00 1044.17 )
ZIB_ZIB124 ( ZIB ZIB124 ) 0.00 0.00 0.00 0.00 ( 1000000000.00 136.42 10000000000.00 1044.17 )
ZIB_ZIB24 ( ZIB ZIB24 ) 0.00 0.00 0.00 0.00 ( 1000000000.00 136.42 10000000000.00 1044.17 )
ZIB_ZIB23 ( ZIB ZIB23 ) 0.00 0.00 0.00 0.00 ( 1000000000.00 136.42 10000000000.00 1044.17 )
SPK20_SPK ( SPK20 SPK ) 0.00 0.00 0.00 0.00 ( 1000000000.00 136.42 10000000000.00 1044.17 )
CVK5_CVK ( CVK5 CVK ) 0.00 0.00 0.00 0.00 ( 1000000000.00 136.42 10000000000.00 1044.17 )
HTW_HU ( HTW HU ) 0.00 0.00 0.00 0.00 ( 1000000000.00 136.42 10000000000.00 1044.17 )
HU8_HU ( HU8 HU ) 0.00 0.00 0.00 0.00 ( 1000000000.00 136.42 10000000000.00 1044.17 )
WIAS13_WIAS ( WIAS13 WIAS ) 0.00 0.00 0.00 0.00 ( 1000000000.00 136.42 10000000000.00 1044.17 )
HTW13_HTW ( HTW13 HTW ) 0.00 0.00 0.00 0.00 ( 1000000000.00 136.42 10000000000.00 1044.17 )
ZIB_ZIB22 ( ZIB ZIB22 ) 0.00 0.00 0.00 0.00 ( 1000000000.00 136.42 10000000000.00 1044.17 )
ZIB_ZIB21 ( ZIB ZIB21 ) 0.00 0.00 0.00 0.00 ( 1000000000.00 136.42 10000000000.00 1044.17 )
UP24_UP ( UP24 UP ) 0.00 0.00 0.00 0.00 ( 1000000000.00 136.42 10000000000.00 1044.17 )
ADH_ADH8 ( ADH ADH8 ) 0.00 0.00 0.00 0.00 ( 1000000000.00 136.42 10000000000.00 1044.17 )
TU_UP ( TU UP ) 0.00 0.00 0.00 0.00 ( 1000000000.00 136.42 10000000000.00 1044.17 )
ADH_ADH7 ( ADH ADH7 ) 0.00 0.00 0.00 0.00 ( 1000000000.00 136.42 10000000000.00 1044.17 )
WIAS7_WIAS ( WIAS7 WIAS ) 0.00 0.00 0.00 0.00 ( 1000000000.00 136.42 10000000000.00 1044.17 )
ADH_ADH9 ( ADH ADH9 ) 0.00 0.00 0.00 0.00 ( 1000000000.00 136.42 10000000000.00 1044.17 )
HU_TU ( HU TU ) 0.00 0.00 0.00 0.00 ( 1000000000.00 136.42 10000000000.00 1044.17 )
CVK7_CVK ( CVK7 CVK ) 0.00 0.00 0.00 0.00 ( 1000000000.00 136.42 10000000000.00 1044.17 )
ADH_ADH3 ( ADH ADH3 ) 0.00 0.00 0.00 0.00 ( 1000000000.00 136.42 10000000000.00 1044.17 )
ADH_ADH6 ( ADH ADH6 ) 0.00 0.00 0.00 0.00 ( 1000000000.00 136.42 10000000000.00 1044.17 )
SPK_SPK10 ( SPK SPK10 ) 0.00 0.00 0.00 0.00 ( 1000000000.00 136.42 10000000000.00 1044.17 )
ADH_ADH5 ( ADH ADH5 ) 0.00 0.00 0.00 0.00 ( 1000000000.00 136.42 10000000000.00 1044.17 )
SPK_SPK11 ( SPK SPK11 ) 0.00 0.00 0.00 0.00 ( 1000000000.00 136.42 10000000000.00 1044.17 )
SPK6_SPK ( SPK6 SPK ) 0.00 0.00 0.00 0.00 ( 1000000000.00 136.42 10000000000.00 1044.17 )
UP23_UP ( UP23 UP ) 0.00 0.00 0.00 0.00 ( 1000000000.00 136.42 10000000000.00 1044.17 )
ADH_ZIB ( ADH ZIB ) 0.00 0.00 0.00 0.00 ( 1000000000.00 136.42 10000000000.00 1044.17 )
WIAS9_WIAS ( WIAS9 WIAS ) 0.00 0.00 0.00 0.00 ( 1000000000.00 136.42 10000000000.00 1044.17 )
HU20_HU ( HU20 HU ) 0.00 0.00 0.00 0.00 ( 1000000000.00 136.42 10000000000.00 1044.17 )
ZIB_ZIB77 ( ZIB ZIB77 ) 0.00 0.00 0.00 0.00 ( 1000000000.00 136.42 10000000000.00 1044.17 )
CVK42_CVK ( CVK42 CVK ) 0.00 0.00 0.00 0.00 ( 1000000000.00 136.42 10000000000.00 1044.17 )
HTW64_HTW ( HTW64 HTW ) 0.00 0.00 0.00 0.00 ( 1000000000.00 136.42 10000000000.00 1044.17 )
WIAS_HU ( WIAS HU ) 0.00 0.00 0.00 0.00 ( 1000000000.00 136.42 10000000000.00 1044.17 )
ZIB_ZIB70 ( ZIB ZIB70 ) 0.00 0.00 0.00 0.00 ( 1000000000.00 136.42 10000000000.00 1044.17 )
HU21_HU ( HU21 HU ) 0.00 0.00 0.00 0.00 ( 1000000000.00 136.42 10000000000.00 1044.17 )
WIAS_HTW ( WIAS HTW ) 0.00 0.00 0.00 0.00 ( 1000000000.00 136.42 10000000000.00 1044.17 )
ZIB_ZIB79 ( ZIB ZIB79 ) 0.00 0.00 0.00 0.00 ( 1000000000.00 136.42 10000000000.00 1044.17 )
UP1_UP ( UP1 UP ) 0.00 0.00 0.00 0.00 ( 1000000000.00 136.42 10000000000.00 1044.17 )
WIAS11_WIAS ( WIAS11 WIAS ) 0.00 0.00 0.00 0.00 ( 1000000000.00 136.42 10000000000.00 1044.17 )
TU8_TU ( TU8 TU ) 0.00 0.00 0.00 0.00 ( 1000000000.00 136.42 10000000000.00 1044.17 )
CVK20_CVK ( CVK20 CVK ) 0.00 0.00 0.00 0.00 ( 1000000000.00 136.42 10000000000.00 1044.17 )
SPK_SPK64 ( SPK SPK64 ) 0.00 0.00 0.00 0.00 ( 1000000000.00 136.42 10000000000.00 1044.17 )
TU7_TU ( TU7 TU ) 0.00 0.00 0.00 0.00 ( 1000000000.00 136.42 10000000000.00 1044.17 )
ZIB_ZIB85 ( ZIB ZIB85 ) 0.00 0.00 0.00 0.00 ( 1000000000.00 136.42 10000000000.00 1044.17 )
TU_TU7 ( TU TU7 ) 0.00 0.00 0.00 0.00 ( 1000000000.00 136.42 10000000000.00 1044.17 )
TU_TU8 ( TU TU8 ) 0.00 0.00 0.00 0.00 ( 1000000000.00 136.42 10000000000.00 1044.17 )
ZIB_ZIB87 ( ZIB ZIB87 ) 0.00 0.00 0.00 0.00 ( 1000000000.00 136.42 10000000000.00 1044.17 )
WIAS_SPK ( WIAS SPK ) 0.00 0.00 0.00 0.00 ( 1000000000.00 136.42 10000000000.00 1044.17 )
ZIB_ZIB81 ( ZIB ZIB81 ) 0.00 0.00 0.00 0.00 ( 1000000000.00 136.42 10000000000.00 1044.17 )
UP7_UP ( UP7 UP ) 0.00 0.00 0.00 0.00 ( 1000000000.00 136.42 10000000000.00 1044.17 )
ZIB_ZIB82 ( ZIB ZIB82 ) 0.00 0.00 0.00 0.00 ( 1000000000.00 136.42 10000000000.00 1044.17 )
ZIB_ZIB83 ( ZIB ZIB83 ) 0.00 0.00 0.00 0.00 ( 1000000000.00 136.42 10000000000.00 1044.17 )
ZIB62_ZIB ( ZIB62 ZIB ) 0.00 0.00 0.00 0.00 ( 1000000000.00 136.42 10000000000.00 1044.17 )
TU_TU1 ( TU TU1 ) 0.00 0.00 0.00 0.00 ( 1000000000.00 136.42 10000000000.00 1044.17 )
TU_TU2 ( TU TU2 ) 0.00 0.00 0.00 0.00 ( 1000000000.00 136.42 10000000000.00 1044.17 )
TU_TU3 ( TU TU3 ) 0.00 0.00 0.00 0.00 ( 1000000000.00 136.42 10000000000.00 1044.17 )
TU_TU4 ( TU TU4 ) 0.00 0.00 0.00 0.00 ( 1000000000.00 136.42 10000000000.00 1044.17 )
TU_TU5 ( TU TU5 ) 0.00 0.00 0.00 0.00 ( 1000000000.00 136.42 10000000000.00 1044.17 )
TU_TU6 ( TU TU6 ) 0.00 0.00 0.00 0.00 ( 1000000000.00 136.42 10000000000.00 1044.17 )
HTW63_HTW ( HTW63 HTW ) 0.00 0.00 0.00 0.00 ( 1000000000.00 136.42 10000000000.00 1044.17 )
ADH8_ADH ( ADH8 ADH ) 0.00 0.00 0.00 0.00 ( 1000000000.00 136.42 10000000000.00 1044.17 )
TU22_TU ( TU22 TU ) 0.00 0.00 0.00 0.00 ( 1000000000.00 136.42 10000000000.00 1044.17 )
HU23_HU ( HU23 HU ) 0.00 0.00 0.00 0.00 ( 1000000000.00 136.42 10000000000.00 1044.17 )
CVK10_CVK ( CVK10 CVK ) 0.00 0.00 0.00 0.00 ( 1000000000.00 136.42 10000000000.00 1044.17 )
ZIB96_ZIB ( ZIB96 ZIB ) 0.00 0.00 0.00 0.00 ( 1000000000.00 136.42 10000000000.00 1044.17 )
ADH24_ADH ( ADH24 ADH ) 0.00 0.00 0.00 0.00 ( 1000000000.00 136.42 10000000000.00 1044.17 )
HU_WIAS ( HU WIAS ) 0.00 0.00 0.00 0.00 ( 1000000000.00 136.42 10000000000.00 1044.17 )
ZIB124_ZIB ( ZIB124 ZIB ) 0.00 0.00 0.00 0.00 ( 1000000000.00 136.42 10000000000.00 1044.17 )
CVK24_CVK ( CVK24 CVK ) 0.00 0.00 0.00 0.00 ( 1000000000.00 136.42 10000000000.00 1044.17 )
HTW22_HTW ( HTW22 HTW ) 0.00 0.00 0.00 0.00 ( 1000000000.00 136.42 10000000000.00 1044.17 )
SPK_ZIB ( SPK ZIB ) 0.00 0.00 0.00 0.00 ( 1000000000.00 136.42 10000000000.00 1044.17 )
UP21_UP ( UP21 UP ) 0.00 0.00 0.00 0.00 ( 1000000000.00 136.42 10000000000.00 1044.17 )
HU2_HU ( HU2 HU ) 0.00 0.00 0.00 0.00 ( 1000000000.00 136.42 10000000000.00 1044.17 )
SPK_SPK44 ( SPK SPK44 ) 0.00 0.00 0.00 0.00 ( 1000000000.00 136.42 10000000000.00 1044.17 )
HTW1_HTW ( HTW1 HTW ) 0.00 0.00 0.00 0.00 ( 1000000000.00 136.42 10000000000.00 1044.17 )
TU23_TU ( TU23 TU ) 0.00 0.00 0.00 0.00 ( 1000000000.00 136.42 10000000000.00 1044.17 )
HU22_HU ( HU22 HU ) 0.00 0.00 0.00 0.00 ( 1000000000.00 136.42 10000000000.00 1044.17 )
TU18_TU ( TU18 TU ) 0.00 0.00 0.00 0.00 ( 1000000000.00 136.42 10000000000.00 1044.17 )
WIAS4_WIAS ( WIAS4 WIAS ) 0.00 0.00 0.00 0.00 ( 1000000000.00 136.42 10000000000.00 1044.17 )
ZIB_ZIB61 ( ZIB ZIB61 ) 0.00 0.00 0.00 0.00 ( 1000000000.00 136.42 10000000000.00 1044.17 )
ZIB_ZIB62 ( ZIB ZIB62 ) 0.00 0.00 0.00 0.00 ( 1000000000.00 136.42 10000000000.00 1044.17 )
ADH3_ADH ( ADH3 ADH ) 0.00 0.00 0.00 0.00 ( 1000000000.00 136.42 10000000000.00 1044.17 )
ZIB_ZIB63 ( ZIB ZIB63 ) 0.00 0.00 0.00 0.00 ( 1000000000.00 136.42 10000000000.00 1044.17 )
ZIB_ZIB64 ( ZIB ZIB64 ) 0.00 0.00 0.00 0.00 ( 1000000000.00 136.42 10000000000.00 1044.17 )
ZIB_ZIB65 ( ZIB ZIB65 ) 0.00 0.00 0.00 0.00 ( 1000000000.00 136.42 10000000000.00 1044.17 )
HTW23_HTW ( HTW23 HTW ) 0.00 0.00 0.00 0.00 ( 1000000000.00 136.42 10000000000.00 1044.17 )
ZIB_ZIB66 ( ZIB ZIB66 ) 0.00 0.00 0.00 0.00 ( 1000000000.00 136.42 10000000000.00 1044.17 )
ZIB_ZIB67 ( ZIB ZIB67 ) 0.00 0.00 0.00 0.00 ( 1000000000.00 136.42 10000000000.00 1044.17 )
ZIB_ZIB68 ( ZIB ZIB68 ) 0.00 0.00 0.00 0.00 ( 1000000000.00 136.42 10000000000.00 1044.17 )
ZIB_ZIB69 ( ZIB ZIB69 ) 0.00 0.00 0.00 0.00 ( 1000000000.00 136.42 10000000000.00 1044.17 )
UP3_UP ( UP3 UP ) 0.00 0.00 0.00 0.00 ( 1000000000.00 136.42 10000000000.00 1044.17 )
ZIB82_ZIB ( ZIB82 ZIB ) 0.00 0.00 0.00 0.00 ( 1000000000.00 136.42 10000000000.00 1044.17 )
UP_UP5 ( UP UP5 ) 0.00 0.00 0.00 0.00 ( 1000000000.00 136.42 10000000000.00 1044.17 )
UP_UP3 ( UP UP3 ) 0.00 0.00 0.00 0.00 ( 1000000000.00 136.42 10000000000.00 1044.17 )
ZIB100_ZIB ( ZIB100 ZIB ) 0.00 0.00 0.00 0.00 ( 1000000000.00 136.42 10000000000.00 1044.17 )
UP_UP1 ( UP UP1 ) 0.00 0.00 0.00 0.00 ( 1000000000.00 136.42 10000000000.00 1044.17 )
HTW_ADH ( HTW ADH ) 0.00 0.00 0.00 0.00 ( 1000000000.00 136.42 10000000000.00 1044.17 )
ZIB64_ZIB ( ZIB64 ZIB ) 0.00 0.00 0.00 0.00 ( 1000000000.00 136.42 10000000000.00 1044.17 )
HU43_HU ( HU43 HU ) 0.00 0.00 0.00 0.00 ( 1000000000.00 136.42 10000000000.00 1044.17 )
UP_UP7 ( UP UP7 ) 0.00 0.00 0.00 0.00 ( 1000000000.00 136.42 10000000000.00 1044.17 )
HTW24_HTW ( HTW24 HTW ) 0.00 0.00 0.00 0.00 ( 1000000000.00 136.42 10000000000.00 1044.17 )
UP22_UP ( UP22 UP ) 0.00 0.00 0.00 0.00 ( 1000000000.00 136.42 10000000000.00 1044.17 )
UP_TU ( UP TU ) 0.00 0.00 0.00 0.00 ( 1000000000.00 136.42 10000000000.00 1044.17 )
ADH22_ADH ( ADH22 ADH ) 0.00 0.00 0.00 0.00 ( 1000000000.00 136.42 10000000000.00 1044.17 )
HU19_HU ( HU19 HU ) 0.00 0.00 0.00 0.00 ( 1000000000.00 136.42 10000000000.00 1044.17 )
SPK_ADH ( SPK ADH ) 0.00 0.00 0.00 0.00 ( 1000000000.00 136.42 10000000000.00 1044.17 )
UP_UP10 ( UP UP10 ) 0.00 0.00 0.00 0.00 ( 1000000000.00 136.42 10000000000.00 1044.17 )
HU3_HU ( HU3 HU ) 0.00 0.00 0.00 0.00 ( 1000000000.00 136.42 10000000000.00 1044.17 )
ZIB102_ZIB ( ZIB102 ZIB ) 0.00 0.00 0.00 0.00 ( 1000000000.00 136.42 10000000000.00 1044.17 )
ZIB68_ZIB ( ZIB68 ZIB ) 0.00 0.00 0.00 0.00 ( 1000000000.00 136.42 10000000000.00 1044.17 )
SPK_SPK3 ( SPK SPK3 ) 0.00 0.00 0.00 0.00 ( 1000000000.00 136.42 10000000000.00 1044.17 )
SPK_SPK4 ( SPK SPK4 ) 0.00 0.00 0.00 0.00 ( 1000000000.00 136.42 10000000000.00 1044.17 )
SPK_SPK1 ( SPK SPK1 ) 0.00 0.00 0.00 0.00 ( 1000000000.00 136.42 10000000000.00 1044.17 )
TU21_TU ( TU21 TU ) 0.00 0.00 0.00 0.00 ( 1000000000.00 136.42 10000000000.00 1044.17 )
SPK_SPK2 ( SPK SPK2 ) 0.00 0.00 0.00 0.00 ( 1000000000.00 136.42 10000000000.00 1044.17 )
ZIB104_ZIB ( ZIB104 ZIB ) 0.00 0.00 0.00 0.00 ( 1000000000.00 136.42 10000000000.00 1044.17 )
SPK_SPK9 ( SPK SPK9 ) 0.00 0.00 0.00 0.00 ( 1000000000.00 136.42 10000000000.00 1044.17 )
UP_ZIB ( UP ZIB ) 0.00 0.00 0.00 0.00 ( 1000000000.00 136.42 10000000000.00 1044.17 )
ZIB143_ZIB ( ZIB143 ZIB ) 0.00 0.00 0.00 0.00 ( 1000000000.00 136.42 10000000000.00 1044.17 )
UP_UP21 ( UP UP21 ) 0.00 0.00 0.00 0.00 ( 1000000000.00 136.42 10000000000.00 1044.17 )
SPK10_SPK ( SPK10 SPK ) 0.00 0.00 0.00 0.00 ( 1000000000.00 136.42 10000000000.00 1044.17 )
SPK_SPK7 ( SPK SPK7 ) 0.00 0.00 0.00 0.00 ( 1000000000.00 136.42 10000000000.00 1044.17 )
UP_UP22 ( UP UP22 ) 0.00 0.00 0.00 0.00 ( 1000000000.00 136.42 10000000000.00 1044.17 )
SPK_SPK8 ( SPK SPK8 ) 0.00 0.00 0.00 0.00 ( 1000000000.00 136.42 10000000000.00 1044.17 )
ADH9_ADH ( ADH9 ADH ) 0.00 0.00 0.00 0.00 ( 1000000000.00 136.42 10000000000.00 1044.17 )
SPK_SPK5 ( SPK SPK5 ) 0.00 0.00 0.00 0.00 ( 1000000000.00 136.42 10000000000.00 1044.17 )
WIAS5_WIAS ( WIAS5 WIAS ) 0.00 0.00 0.00 0.00 ( 1000000000.00 136.42 10000000000.00 1044.17 )
UP_UP20 ( UP UP20 ) 0.00 0.00 0.00 0.00 ( 1000000000.00 136.42 10000000000.00 1044.17 )
SPK_SPK6 ( SPK SPK6 ) 0.00 0.00 0.00 0.00 ( 1000000000.00 136.42 10000000000.00 1044.17 )
CVK_CVK9 ( CVK CVK9 ) 0.00 0.00 0.00 0.00 ( 1000000000.00 136.42 10000000000.00 1044.17 )
ZIB_SPK ( ZIB SPK ) 0.00 0.00 0.00 0.00 ( 1000000000.00 136.42 10000000000.00 1044.17 )
CVK_CVK6 ( CVK CVK6 ) 0.00 0.00 0.00 0.00 ( 1000000000.00 136.42 10000000000.00 1044.17 )
ZIB_ADH ( ZIB ADH ) 0.00 0.00 0.00 0.00 ( 1000000000.00 136.42 10000000000.00 1044.17 )
CVK_CVK5 ( CVK CVK5 ) 0.00 0.00 0.00 0.00 ( 1000000000.00 136.42 10000000000.00 1044.17 )
CVK_CVK8 ( CVK CVK8 ) 0.00 0.00 0.00 0.00 ( 1000000000.00 136.42 10000000000.00 1044.17 )
SPK21_SPK ( SPK21 SPK ) 0.00 0.00 0.00 0.00 ( 1000000000.00 136.42 10000000000.00 1044.17 )
CVK_CVK7 ( CVK CVK7 ) 0.00 0.00 0.00 0.00 ( 1000000000.00 136.42 10000000000.00 1044.17 )
CVK_CVK2 ( CVK CVK2 ) 0.00 0.00 0.00 0.00 ( 1000000000.00 136.42 10000000000.00 1044.17 )
HU17_HU ( HU17 HU ) 0.00 0.00 0.00 0.00 ( 1000000000.00 136.42 10000000000.00 1044.17 )
CVK_CVK1 ( CVK CVK1 ) 0.00 0.00 0.00 0.00 ( 1000000000.00 136.42 10000000000.00 1044.17 )
CVK_CVK4 ( CVK CVK4 ) 0.00 0.00 0.00 0.00 ( 1000000000.00 136.42 10000000000.00 1044.17 )
SPK_WIAS ( SPK WIAS ) 0.00 0.00 0.00 0.00 ( 1000000000.00 136.42 10000000000.00 1044.17 )
HTW7_HTW ( HTW7 HTW ) 0.00 0.00 0.00 0.00 ( 1000000000.00 136.42 10000000000.00 1044.17 )
CVK_CVK3 ( CVK CVK3 ) 0.00 0.00 0.00 0.00 ( 1000000000.00 136.42 10000000000.00 1044.17 )
ADH_SPK ( ADH SPK ) 0.00 0.00 0.00 0.00 ( 1000000000.00 136.42 10000000000.00 1044.17 )
ADH5_ADH ( ADH5 ADH ) 0.00 0.00 0.00 0.00 ( 1000000000.00 136.42 10000000000.00 1044.17 )
WIAS1_WIAS ( WIAS1 WIAS ) 0.00 0.00 0.00 0.00 ( 1000000000.00 136.42 10000000000.00 1044.17 )
ADH23_ADH ( ADH23 ADH ) 0.00 0.00 0.00 0.00 ( 1000000000.00 136.42 10000000000.00 1044.17 )
HU4_HU ( HU4 HU ) 0.00 0.00 0.00 0.00 ( 1000000000.00 136.42 10000000000.00 1044.17 )
TU63_TU ( TU63 TU ) 0.00 0.00 0.00 0.00 ( 1000000000.00 136.42 10000000000.00 1044.17 )
WIAS8_WIAS ( WIAS8 WIAS ) 0.00 0.00 0.00 0.00 ( 1000000000.00 136.42 10000000000.00 1044.17 )
TU_TU11 ( TU TU11 ) 0.00 0.00 0.00 0.00 ( 1000000000.00 136.42 10000000000.00 1044.17 )
TU_TU10 ( TU TU10 ) 0.00 0.00 0.00 0.00 ( 1000000000.00 136.42 10000000000.00 1044.17 )
UP_UP24 ( UP UP24 ) 0.00 0.00 0.00 0.00 ( 1000000000.00 136.42 10000000000.00 1044.17 )
UP_UP23 ( UP UP23 ) 0.00 0.00 0.00 0.00 ( 1000000000.00 136.42 10000000000.00 1044.17 )
ZIB_ZIB95 ( ZIB ZIB95 ) 0.00 0.00 0.00 0.00 ( 1000000000.00 136.42 10000000000.00 1044.17 )
CVK9_CVK ( CVK9 CVK ) 0.00 0.00 0.00 0.00 ( 1000000000.00 136.42 10000000000.00 1044.17 )
ZIB_ZIB97 ( ZIB ZIB97 ) 0.00 0.00 0.00 0.00 ( 1000000000.00 136.42 10000000000.00 1044.17 )
ZIB_ZIB96 ( ZIB ZIB96 ) 0.00 0.00 0.00 0.00 ( 1000000000.00 136.42 10000000000.00 1044.17 )
ZIB_ZIB99 ( ZIB ZIB99 ) 0.00 0.00 0.00 0.00 ( 1000000000.00 136.42 10000000000.00 1044.17 )
ZIB_ZIB98 ( ZIB ZIB98 ) 0.00 0.00 0.00 0.00 ( 1000000000.00 136.42 10000000000.00 1044.17 )
CVK6_CVK ( CVK6 CVK ) 0.00 0.00 0.00 0.00 ( 1000000000.00 136.42 10000000000.00 1044.17 )
ADH_ADH63 ( ADH ADH63 ) 0.00 0.00 0.00 0.00 ( 1000000000.00 136.42 10000000000.00 1044.17 )
ADH63_ADH ( ADH63 ADH ) 0.00 0.00 0.00 0.00 ( 1000000000.00 136.42 10000000000.00 1044.17 )
HTW10_HTW ( HTW10 HTW ) 0.00 0.00 0.00 0.00 ( 1000000000.00 136.42 10000000000.00 1044.17 )
CVK11_CVK ( CVK11 CVK ) 0.00 0.00 0.00 0.00 ( 1000000000.00 136.42 10000000000.00 1044.17 )
ZIB79_ZIB ( ZIB79 ZIB ) 0.00 0.00 0.00 0.00 ( 1000000000.00 136.42 10000000000.00 1044.17 )
TU_TU18 ( TU TU18 ) 0.00 0.00 0.00 0.00 ( 1000000000.00 136.42 10000000000.00 1044.17 )
TU_TU19 ( TU TU19 ) 0.00 0.00 0.00 0.00 ( 1000000000.00 136.42 10000000000.00 1044.17 )
ZIB67_ZIB ( ZIB67 ZIB ) 0.00 0.00 0.00 0.00 ( 1000000000.00 136.42 10000000000.00 1044.17 )
TU_TU12 ( TU TU12 ) 0.00 0.00 0.00 0.00 ( 1000000000.00 136.42 10000000000.00 1044.17 )
TU_TU22 ( TU TU22 ) 0.00 0.00 0.00 0.00 ( 1000000000.00 136.42 10000000000.00 1044.17 )
TU_TU21 ( TU TU21 ) 0.00 0.00 0.00 0.00 ( 1000000000.00 136.42 10000000000.00 1044.17 )
ZIB144_ZIB ( ZIB144 ZIB ) 0.00 0.00 0.00 0.00 ( 1000000000.00 136.42 10000000000.00 1044.17 )
SPK24_SPK ( SPK24 SPK ) 0.00 0.00 0.00 0.00 ( 1000000000.00 136.42 10000000000.00 1044.17 )
UP5_UP ( UP5 UP ) 0.00 0.00 0.00 0.00 ( 1000000000.00 136.42 10000000000.00 1044.17 )
ZIB_ZIB101 ( ZIB ZIB101 ) 0.00 0.00 0.00 0.00 ( 1000000000.00 136.42 10000000000.00 1044.17 )
TU_TU24 ( TU TU24 ) 0.00 0.00 0.00 0.00 ( 1000000000.00 136.42 10000000000.00 1044.17 )
ZIB_ZIB100 ( ZIB ZIB100 ) 0.00 0.00 0.00 0.00 ( 1000000000.00 136.42 10000000000.00 1044.17 )
TU_TU23 ( TU TU23 ) 0.00 0.00 0.00 0.00 ( 1000000000.00 136.42 10000000000.00 1044.17 )
HTW9_HTW ( HTW9 HTW ) 0.00 0.00 0.00 0.00 ( 1000000000.00 136.42 10000000000.00 1044.17 )
ZIB_ZIB104 ( ZIB ZIB104 ) 0.00 0.00 0.00 0.00 ( 1000000000.00 136.42 10000000000.00 1044.17 )
ZIB_ZIB102 ( ZIB ZIB102 ) 0.00 0.00 0.00 0.00 ( 1000000000.00 136.42 10000000000.00 1044.17 )
TU10_TU ( TU10 TU ) 0.00 0.00 0.00 0.00 ( 1000000000.00 136.42 10000000000.00 1044.17 )
ZIB23_ZIB ( ZIB23 ZIB ) 0.00 0.00 0.00 0.00 ( 1000000000.00 136.42 10000000000.00 1044.17 )
TU2_TU ( TU2 TU ) 0.00 0.00 0.00 0.00 ( 1000000000.00 136.42 10000000000.00 1044.17 )
HTW_HTW63 ( HTW HTW63 ) 0.00 0.00 0.00 0.00 ( 1000000000.00 136.42 10000000000.00 1044.17 )
ADH_ADH11 ( ADH ADH11 ) 0.00 0.00 0.00 0.00 ( 1000000000.00 136.42 10000000000.00 1044.17 )
HTW_HTW64 ( HTW HTW64 ) 0.00 0.00 0.00 0.00 ( 1000000000.00 136.42 10000000000.00 1044.17 )
CVK_CVK42 ( CVK CVK42 ) 0.00 0.00 0.00 0.00 ( 1000000000.00 136.42 10000000000.00 1044.17 )
ADH_ADH10 ( ADH ADH10 ) 0.00 0.00 0.00 0.00 ( 1000000000.00 136.42 10000000000.00 1044.17 )
TU3_TU ( TU3 TU ) 0.00 0.00 0.00 0.00 ( 1000000000.00 136.42 10000000000.00 1044.17 )
SPK44_SPK ( SPK44 SPK ) 0.00 0.00 0.00 0.00 ( 1000000000.00 136.42 10000000000.00 1044.17 )
ZIB65_ZIB ( ZIB65 ZIB ) 0.00 0.00 0.00 0.00 ( 1000000000.00 136.42 10000000000.00 1044.17 )
HTW_HTW9 ( HTW HTW9 ) 0.00 0.00 0.00 0.00 ( 1000000000.00 136.42 10000000000.00 1044.17 )
CVK1_CVK ( CVK1 CVK ) 0.00 0.00 0.00 0.00 ( 1000000000.00 136.42 10000000000.00 1044.17 )
HTW_HTW7 ( HTW HTW7 ) 0.00 0.00 0.00 0.00 ( 1000000000.00 136.42 10000000000.00 1044.17 )
CVK_TU ( CVK TU ) 0.00 0.00 0.00 0.00 ( 1000000000.00 136.42 10000000000.00 1044.17 )
ZIB95_ZIB ( ZIB95 ZIB ) 0.00 0.00 0.00 0.00 ( 1000000000.00 136.42 10000000000.00 1044.17 )
TU11_TU ( TU11 TU ) 0.00 0.00 0.00 0.00 ( 1000000000.00 136.42 10000000000.00 1044.17 )
ZIB_UP ( ZIB UP ) 0.00 0.00 0.00 0.00 ( 1000000000.00 136.42 10000000000.00 1044.17 )
TU1_TU ( TU1 TU ) 0.00 0.00 0.00 0.00 ( 1000000000.00 136.42 10000000000.00 1044.17 )
HTW11_HTW ( HTW11 HTW ) 0.00 0.00 0.00 0.00 ( 1000000000.00 136.42 10000000000.00 1044.17 )
ZIB85_ZIB ( ZIB85 ZIB ) 0.00 0.00 0.00 0.00 ( 1000000000.00 136.42 10000000000.00 1044.17 )
HTW_HTW13 ( HTW HTW13 ) 0.00 0.00 0.00 0.00 ( 1000000000.00 136.42 10000000000.00 1044.17 )
ZIB98_ZIB ( ZIB98 ZIB ) 0.00 0.00 0.00 0.00 ( 1000000000.00 136.42 10000000000.00 1044.17 )
WIAS_WIAS13 ( WIAS WIAS13 ) 0.00 0.00 0.00 0.00 ( 1000000000.00 136.42 10000000000.00 1044.17 )
SPK64_SPK ( SPK64 SPK ) 0.00 0.00 0.00 0.00 ( 1000000000.00 136.42 10000000000.00 1044.17 )
HU1_HU ( HU1 HU ) 0.00 0.00 0.00 0.00 ( 1000000000.00 136.42 10000000000.00 1044.17 )
CVK8_CVK ( CVK8 CVK ) 0.00 0.00 0.00 0.00 ( 1000000000.00 136.42 10000000000.00 1044.17 )
ZIB99_ZIB ( ZIB99 ZIB ) 0.00 0.00 0.00 0.00 ( 1000000000.00 136.42 10000000000.00 1044.17 )
ZIB101_ZIB ( ZIB101 ZIB ) 0.00 0.00 0.00 0.00 ( 1000000000.00 136.42 10000000000.00 1044.17 )
TU12_TU ( TU12 TU ) 0.00 0.00 0.00 0.00 ( 1000000000.00 136.42 10000000000.00 1044.17 )
HTW_HTW10 ( HTW HTW10 ) 0.00 0.00 0.00 0.00 ( 1000000000.00 136.42 10000000000.00 1044.17 )
CVK22_CVK ( CVK22 CVK ) 0.00 0.00 0.00 0.00 ( 1000000000.00 136.42 10000000000.00 1044.17 )
HTW_HTW11 ( HTW HTW11 ) 0.00 0.00 0.00 0.00 ( 1000000000.00 136.42 10000000000.00 1044.17 )
ZIB_TU ( ZIB TU ) 0.00 0.00 0.00 0.00 ( 1000000000.00 136.42 10000000000.00 1044.17 )
WIAS6_WIAS ( WIAS6 WIAS ) 0.00 0.00 0.00 0.00 ( 1000000000.00 136.42 10000000000.00 1044.17 )
ADH_HTW ( ADH HTW ) 0.00 0.00 0.00 0.00 ( 1000000000.00 136.42 10000000000.00 1044.17 )
WIAS_WIAS6 ( WIAS WIAS6 ) 0.00 0.00 0.00 0.00 ( 1000000000.00 136.42 10000000000.00 1044.17 )
WIAS_WIAS5 ( WIAS WIAS5 ) 0.00 0.00 0.00 0.00 ( 1000000000.00 136.42 10000000000.00 1044.17 )
WIAS_WIAS4 ( WIAS WIAS4 ) 0.00 0.00 0.00 0.00 ( 1000000000.00 136.42 10000000000.00 1044.17 )
CVK4_CVK ( CVK4 CVK ) 0.00 0.00 0.00 0.00 ( 1000000000.00 136.42 10000000000.00 1044.17 )
ZIB21_ZIB ( ZIB21 ZIB ) 0.00 0.00 0.00 0.00 ( 1000000000.00 136.42 10000000000.00 1044.17 )
WIAS_WIAS2 ( WIAS WIAS2 ) 0.00 0.00 0.00 0.00 ( 1000000000.00 136.42 10000000000.00 1044.17 )
TU19_TU ( TU19 TU ) 0.00 0.00 0.00 0.00 ( 1000000000.00 136.42 10000000000.00 1044.17 )
WIAS_WIAS1 ( WIAS WIAS1 ) 0.00 0.00 0.00 0.00 ( 1000000000.00 136.42 10000000000.00 1044.17 )
ZIB24_ZIB ( ZIB24 ZIB ) 0.00 0.00 0.00 0.00 ( 1000000000.00 136.42 10000000000.00 1044.17 )
HTW_HTW23 ( HTW HTW23 ) 0.00 0.00 0.00 0.00 ( 1000000000.00 136.42 10000000000.00 1044.17 )
HTW_HTW24 ( HTW HTW24 ) 0.00 0.00 0.00 0.00 ( 1000000000.00 136.42 10000000000.00 1044.17 )
HTW_HTW21 ( HTW HTW21 ) 0.00 0.00 0.00 0.00 ( 1000000000.00 136.42 10000000000.00 1044.17 )
HTW_HTW22 ( HTW HTW22 ) 0.00 0.00 0.00 0.00 ( 1000000000.00 136.42 10000000000.00 1044.17 )
CVK_CVK20 ( CVK CVK20 ) 0.00 0.00 0.00 0.00 ( 1000000000.00 136.42 10000000000.00 1044.17 )
HU_HU22 ( HU HU22 ) 0.00 0.00 0.00 0.00 ( 1000000000.00 136.42 10000000000.00 1044.17 )
WIAS_WIAS9 ( WIAS WIAS9 ) 0.00 0.00 0.00 0.00 ( 1000000000.00 136.42 10000000000.00 1044.17 )
HU_HU21 ( HU HU21 ) 0.00 0.00 0.00 0.00 ( 1000000000.00 136.42 10000000000.00 1044.17 )
WIAS_WIAS8 ( WIAS WIAS8 ) 0.00 0.00 0.00 0.00 ( 1000000000.00 136.42 10000000000.00 1044.17 )
HU_HU20 ( HU HU20 ) 0.00 0.00 0.00 0.00 ( 1000000000.00 136.42 10000000000.00 1044.17 )
WIAS_WIAS7 ( WIAS WIAS7 ) 0.00 0.00 0.00 0.00 ( 1000000000.00 136.42 10000000000.00 1044.17 )
HU_HU43 ( HU HU43 ) 0.00 0.00 0.00 0.00 ( 1000000000.00 136.42 10000000000.00 1044.17 )
HU24_HU ( HU24 HU ) 0.00 0.00 0.00 0.00 ( 1000000000.00 136.42 10000000000.00 1044.17 )
CVK_CVK24 ( CVK CVK24 ) 0.00 0.00 0.00 0.00 ( 1000000000.00 136.42 10000000000.00 1044.17 )
CVK_CVK23 ( CVK CVK23 ) 0.00 0.00 0.00 0.00 ( 1000000000.00 136.42 10000000000.00 1044.17 )
HU_HU19 ( HU HU19 ) 0.00 0.00 0.00 0.00 ( 1000000000.00 136.42 10000000000.00 1044.17 )
ZIB61_ZIB ( ZIB61 ZIB ) 0.00 0.00 0.00 0.00 ( 1000000000.00 136.42 10000000000.00 1044.17 )
CVK_CVK22 ( CVK CVK22 ) 0.00 0.00 0.00 0.00 ( 1000000000.00 136.42 10000000000.00 1044.17 )
CVK_CVK21 ( CVK CVK21 ) 0.00 0.00 0.00 0.00 ( 1000000000.00 136.42 10000000000.00 1044.17 )
HU_HU17 ( HU HU17 ) 0.00 0.00 0.00 0.00 ( 1000000000.00 136.42 10000000000.00 1044.17 )
CVK12_CVK ( CVK12 CVK ) 0.00 0.00 0.00 0.00 ( 1000000000.00 136.42 10000000000.00 1044.17 )
HU10_HU ( HU10 HU ) 0.00 0.00 0.00 0.00 ( 1000000000.00 136.42 10000000000.00 1044.17 )
ZIB22_ZIB ( ZIB22 ZIB ) 0.00 0.00 0.00 0.00 ( 1000000000.00 136.42 10000000000.00 1044.17 )
WIAS_WIAS10 ( WIAS WIAS10 ) 0.00 0.00 0.00 0.00 ( 1000000000.00 136.42 10000000000.00 1044.17 )
WIAS_WIAS11 ( WIAS WIAS11 ) 0.00 0.00 0.00 0.00 ( 1000000000.00 136.42 10000000000.00 1044.17 )
CVK3_CVK ( CVK3 CVK ) 0.00 0.00 0.00 0.00 ( 1000000000.00 136.42 10000000000.00 1044.17 )
HTW21_HTW ( HTW21 HTW ) 0.00 0.00 0.00 0.00 ( 1000000000.00 136.42 10000000000.00 1044.17 )
SPK4_SPK ( SPK4 SPK ) 0.00 0.00 0.00 0.00 ( 1000000000.00 136.42 10000000000.00 1044.17 )
ZIB83_ZIB ( ZIB83 ZIB ) 0.00 0.00 0.00 0.00 ( 1000000000.00 136.42 10000000000.00 1044.17 )
HTW_WIAS ( HTW WIAS ) 0.00 0.00 0.00 0.00 ( 1000000000.00 136.42 10000000000.00 1044.17 )
HTW_HTW5 ( HTW HTW5 ) 0.00 0.00 0.00 0.00 ( 1000000000.00 136.42 10000000000.00 1044.17 )
ADH_ADH22 ( ADH ADH22 ) 0.00 0.00 0.00 0.00 ( 1000000000.00 136.42 10000000000.00 1044.17 )
ADH7_ADH ( ADH7 ADH ) 0.00 0.00 0.00 0.00 ( 1000000000.00 136.42 10000000000.00 1044.17 )
ADH_ADH21 ( ADH ADH21 ) 0.00 0.00 0.00 0.00 ( 1000000000.00 136.42 10000000000.00 1044.17 )
ADH_ADH24 ( ADH ADH24 ) 0.00 0.00 0.00 0.00 ( 1000000000.00 136.42 10000000000.00 1044.17 )
ADH_ADH23 ( ADH ADH23 ) 0.00 0.00 0.00 0.00 ( 1000000000.00 136.42 10000000000.00 1044.17 )
HU9_HU ( HU9 HU ) 0.00 0.00 0.00 0.00 ( 1000000000.00 136.42 10000000000.00 1044.17 )
HTW_HTW1 ( HTW HTW1 ) 0.00 0.00 0.00 0.00 ( 1000000000.00 136.42 10000000000.00 1044.17 )
SPK3_SPK ( SPK3 SPK ) 0.00 0.00 0.00 0.00 ( 1000000000.00 136.42 10000000000.00 1044.17 )
HU_HU10 ( HU HU10 ) 0.00 0.00 0.00 0.00 ( 1000000000.00 136.42 10000000000.00 1044.17 )
HU7_HU ( HU7 HU ) 0.00 0.00 0.00 0.00 ( 1000000000.00 136.42 10000000000.00 1044.17 )
ZIB77_ZIB ( ZIB77 ZIB ) 0.00 0.00 0.00 0.00 ( 1000000000.00 136.42 10000000000.00 1044.17 )
SPK7_SPK ( SPK7 SPK ) 0.00 0.00 0.00 0.00 ( 1000000000.00 136.42 10000000000.00 1044.17 )
HU_HU23 ( HU HU23 ) 0.00 0.00 0.00 0.00 ( 1000000000.00 136.42 10000000000.00 1044.17 )
HU_HU24 ( HU HU24 ) 0.00 0.00 0.00 0.00 ( 1000000000.00 136.42 10000000000.00 1044.17 )
SPK2_SPK ( SPK2 SPK ) 0.00 0.00 0.00 0.00 ( 1000000000.00 136.42 10000000000.00 1044.17 )
TU6_TU ( TU6 TU ) 0.00 0.00 0.00 0.00 ( 1000000000.00 136.42 10000000000.00 1044.17 )
CVK_CVK11 ( CVK CVK11 ) 0.00 0.00 0.00 0.00 ( 1000000000.00 136.42 10000000000.00 1044.17 )
CVK_CVK10 ( CVK CVK10 ) 0.00 0.00 0.00 0.00 ( 1000000000.00 136.42 10000000000.00 1044.17 )
SPK11_SPK ( SPK11 SPK ) 0.00 0.00 0.00 0.00 ( 1000000000.00 136.42 10000000000.00 1044.17 )
ZIB81_ZIB ( ZIB81 ZIB ) 0.00 0.00 0.00 0.00 ( 1000000000.00 136.42 10000000000.00 1044.17 )
CVK_CVK12 ( CVK CVK12 ) 0.00 0.00 0.00 0.00 ( 1000000000.00 136.42 10000000000.00 1044.17 )
SPK8_SPK ( SPK8 SPK ) 0.00 0.00 0.00 0.00 ( 1000000000.00 136.42 10000000000.00 1044.17 )
TU_TU63 ( TU TU63 ) 0.00 0.00 0.00 0.00 ( 1000000000.00 136.42 10000000000.00 1044.17 )
HU5_HU ( HU5 HU ) 0.00 0.00 0.00 0.00 ( 1000000000.00 136.42 10000000000.00 1044.17 )
ZIB69_ZIB ( ZIB69 ZIB ) 0.00 0.00 0.00 0.00 ( 1000000000.00 136.42 10000000000.00 1044.17 )
HU6_HU ( HU6 HU ) 0.00 0.00 0.00 0.00 ( 1000000000.00 136.42 10000000000.00 1044.17 )