Amsterdam_Brussels ( Amsterdam Brussels ) 0.00 0.00 2.59 0.00 ( 7560.00 23310.00 30240.00 69930.00 120960.00 209790.00 )
Amsterdam_Glasgow ( Amsterdam Glasgow ) 0.00 0.00 10.67 0.00 ( 7560.00 96030.00 30240.00 288090.00 120960.00 864270.00 )
Amsterdam_Hamburg ( Amsterdam Hamburg ) 0.00 0.00 5.52 0.00 ( 7560.00 49680.00 30240.00 149040.00 120960.00 447120.00 )
Amsterdam_London ( Amsterdam London ) 0.00 0.00 5.40 0.00 ( 7560.00 48600.00 30240.00 145800.00 120960.00 437400.00 )
Athens_Palermo ( Athens Palermo ) 0.00 0.00 13.63 0.00 ( 7560.00 122670.00 30240.00 368010.00 120960.00 1104030.00 )
Athens_Sofia ( Athens Sofia ) 0.00 0.00 7.94 0.00 ( 7560.00 71460.00 30240.00 214380.00 120960.00 643140.00 )
Athens_Zagreb  ( Athens Zagreb ) 0.00 0.00 15.00 0.00 ( 7560.00 135000.00 30240.00 405000.00 120960.00 1215000.00 )
Barcelona_Madrid  ( Barcelona Madrid ) 0.00 0.00 7.60 0.00 ( 7560.00 68400.00 30240.00 205200.00 120960.00 615600.00 )
Barcelona_Marseille ( Barcelona Marseille ) 0.00 0.00 5.08 0.00 ( 7560.00 45720.00 30240.00 137160.00 120960.00 411480.00 )
Barcelona_Seville ( Barcelona Seville ) 0.00 0.00 12.44 0.00 ( 7560.00 111960.00 30240.00 335880.00 120960.00 1007640.00 )
Belgrade_Budapest ( Belgrade Budapest ) 0.00 0.00 4.74 0.00 ( 7560.00 42660.00 30240.00 127980.00 120960.00 383940.00 )
Belgrade_Sofia ( Belgrade Sofia ) 0.00 0.00 4.87 0.00 ( 7560.00 43830.00 30240.00 131490.00 120960.00 394470.00 )
Belgrade_Zagreb ( Belgrade Zagreb ) 0.00 0.00 5.51 0.00 ( 7560.00 49590.00 30240.00 148770.00 120960.00 446310.00 )
Berlin_Copenhagen ( Berlin Copenhagen ) 0.00 0.00 5.40 0.00 ( 7560.00 48600.00 30240.00 145800.00 120960.00 437400.00 )
Berlin_Hamburg ( Berlin Hamburg ) 0.00 0.00 3.81 0.00 ( 7560.00 34290.00 30240.00 102870.00 120960.00 308610.00 )
Berlin_Munich ( Berlin Munich ) 0.00 0.00 7.57 0.00 ( 7560.00 68130.00 30240.00 204390.00 120960.00 613170.00 )
Berlin_Prague ( Berlin Prague ) 0.00 0.00 4.20 0.00 ( 7560.00 37800.00 30240.00 113400.00 120960.00 340200.00 )
Berlin_Warsaw ( Berlin Warsaw ) 0.00 0.00 7.75 0.00 ( 7560.00 69750.00 30240.00 209250.00 120960.00 627750.00 )
Birmingham_Glasgow ( Birmingham Glasgow ) 0.00 0.00 6.10 0.00 ( 7560.00 54900.00 30240.00 164700.00 120960.00 494100.00 )
Birmingham_London ( Birmingham London ) 0.00 0.00 2.39 0.00 ( 7560.00 21510.00 30240.00 64530.00 120960.00 193590.00 )
Bordeaux_Madrid ( Bordeaux Madrid ) 0.00 0.00 8.34 0.00 ( 7560.00 75060.00 30240.00 225180.00 120960.00 675540.00 )
Bordeaux_Marseille ( Bordeaux Marseille ) 0.00 0.00 7.56 0.00 ( 7560.00 68040.00 30240.00 204120.00 120960.00 612360.00 )
Bordeaux_Paris ( Bordeaux Paris ) 0.00 0.00 7.47 0.00 ( 7560.00 67230.00 30240.00 201690.00 120960.00 605070.00 )
Brussels_Dusseldorf ( Brussels Dusseldorf ) 0.00 0.00 2.64 0.00 ( 7560.00 23760.00 30240.00 71280.00 120960.00 213840.00 )
Brussels_Paris ( Brussels Paris ) 0.00 0.00 3.93 0.00 ( 7560.00 35370.00 30240.00 106110.00 120960.00 318330.00 )
Budapest_Krakow ( Budapest Krakow ) 0.00 0.00 4.36 0.00 ( 7560.00 39240.00 30240.00 117720.00 120960.00 353160.00 )
Budapest_Prague ( Budapest Prague ) 0.00 0.00 6.68 0.00 ( 7560.00 60120.00 30240.00 180360.00 120960.00 541080.00 )
Copenhagen_Oslo ( Copenhagen Oslo ) 0.00 0.00 7.22 0.00 ( 7560.00 64980.00 30240.00 194940.00 120960.00 584820.00 )
Copenhagen_Stockholm ( Copenhagen Stockholm ) 0.00 0.00 7.77 0.00 ( 7560.00 69930.00 30240.00 209790.00 120960.00 629370.00 )
Dublin_Glasgow ( Dublin Glasgow ) 0.00 0.00 4.62 0.00 ( 7560.00 41580.00 30240.00 124740.00 120960.00 374220.00 )
Dublin_London ( Dublin London ) 0.00 0.00 6.90 0.00 ( 7560.00 62100.00 30240.00 186300.00 120960.00 558900.00 )
Dusseldorf_Frankfurt ( Dusseldorf Frankfurt ) 0.00 0.00 2.75 0.00 ( 7560.00 24750.00 30240.00 74250.00 120960.00 222750.00 )
Frankfurt_Hamburg ( Frankfurt Hamburg ) 0.00 0.00 5.92 0.00 ( 7560.00 53280.00 30240.00 159840.00 120960.00 479520.00 )
Frankfurt_Munich ( Frankfurt Munich ) 0.00 0.00 4.56 0.00 ( 7560.00 41040.00 30240.00 123120.00 120960.00 369360.00 )
Frankfurt_Strasbourg ( Frankfurt Strasbourg ) 0.00 0.00 2.71 0.00 ( 7560.00 24390.00 30240.00 73170.00 120960.00 219510.00 )
Helsinki_Oslo ( Helsinki Oslo ) 0.00 0.00 11.82 0.00 ( 7560.00 106380.00 30240.00 319140.00 120960.00 957420.00 )
Helsinki_Stockholm ( Helsinki Stockholm ) 0.00 0.00 5.97 0.00 ( 7560.00 53730.00 30240.00 161190.00 120960.00 483570.00 )
Helsinki_Warsaw ( Helsinki Warsaw ) 0.00 0.00 13.70 0.00 ( 7560.00 123300.00 30240.00 369900.00 120960.00 1109700.00 )
Krakow_Warsaw ( Krakow Warsaw ) 0.00 0.00 3.83 0.00 ( 7560.00 34470.00 30240.00 103410.00 120960.00 310230.00 )
Lisbon_London ( Lisbon London ) 0.00 0.00 19.77 0.00 ( 7560.00 177930.00 30240.00 533790.00 120960.00 1601370.00 )
Lisbon_Madrid ( Lisbon Madrid ) 0.00 0.00 7.51 0.00 ( 7560.00 67590.00 30240.00 202770.00 120960.00 608310.00 )
Lisbon_Seville ( Lisbon Seville ) 0.00 0.00 4.71 0.00 ( 7560.00 42390.00 30240.00 127170.00 120960.00 381510.00 )
London_Paris ( London Paris ) 0.00 0.00 5.14 0.00 ( 7560.00 46260.00 30240.00 138780.00 120960.00 416340.00 )
Lyon_Marseille ( Lyon Marseille ) 0.00 0.00 4.11 0.00 ( 7560.00 36990.00 30240.00 110970.00 120960.00 332910.00 )
Lyon_Paris  ( Lyon Paris ) 0.00 0.00 5.94 0.00 ( 7560.00 53460.00 30240.00 160380.00 120960.00 481140.00 )
Lyon_Zurich ( Lyon Zurich ) 0.00 0.00 5.07 0.00 ( 7560.00 45630.00 30240.00 136890.00 120960.00 410670.00 )
Marseille_Rome ( Marseille Rome ) 0.00 0.00 9.07 0.00 ( 7560.00 81630.00 30240.00 244890.00 120960.00 734670.00 )
Milan_Munich ( Milan Munich ) 0.00 0.00 5.22 0.00 ( 7560.00 46980.00 30240.00 140940.00 120960.00 422820.00 )
Milan_Rome ( Milan Rome ) 0.00 0.00 7.20 0.00 ( 7560.00 64800.00 30240.00 194400.00 120960.00 583200.00 )
Milan_Zurich ( Milan Zurich ) 0.00 0.00 3.27 0.00 ( 7560.00 29430.00 30240.00 88290.00 120960.00 264870.00 )
Munich_Vienna ( Munich Vienna ) 0.00 0.00 5.34 0.00 ( 7560.00 48060.00 30240.00 144180.00 120960.00 432540.00 )
Palermo_Rome ( Palermo Rome ) 0.00 0.00 6.38 0.00 ( 7560.00 57420.00 30240.00 172260.00 120960.00 516780.00 )
Paris_Strasbourg ( Paris Strasbourg ) 0.00 0.00 6.00 0.00 ( 7560.00 54000.00 30240.00 162000.00 120960.00 486000.00 )
Prague_Vienna ( Prague Vienna ) 0.00 0.00 3.76 0.00 ( 7560.00 33840.00 30240.00 101520.00 120960.00 304560.00 )
Rome_Zagreb ( Rome Zagreb ) 0.00 0.00 7.83 0.00 ( 7560.00 70470.00 30240.00 211410.00 120960.00 634230.00 )
Strasbourg_Zurich ( Strasbourg Zurich ) 0.00 0.00 2.18 0.00 ( 7560.00 19620.00 30240.00 58860.00 120960.00 176580.00 )
Vienna_Zagreb ( Vienna Zagreb ) 0.00 0.00 4.00 0.00 ( 7560.00 36000.00 30240.00 108000.00 120960.00 324000.00 )